479,3
479,2
479,1
479,0
478,4
478,3
478,2
478,1
478,0
477,4
477,3
477,2
477,1
477,0
476,6
476,5
476,4
476,3
476,2
476,1
476,0
475,6
475,5
475,4
475,3
475,2
475,1
475,0
474,6
474,5
474,4
474,3
474,2
474,1
474,0
473,4
473,3
473,2
473,1
473,0
472,3
472,2
472,1
472,0
471,3
471,2
471,1
471,0
470,4
470,3
470,2
470,1
470,0
469,4
469,3
469,2
469,1
469,0
468,4
468,3
468,2
468,1
468,0
467,4
467,3
467,2
467,1
467,0
466,4
466,3
466,2
466,1
466,0
465,4
465,3
465,2
465,1
465,0
464,4
464,3
464,2
464,1
464,0
463,3
463,2
463,1
463,0
462,4
462,3
462,2
462,1
462,0
461,3
461,2
461,1
461,0
460,3
460,2
460,1
460,0
459,5
459,4
459,3
459,2
459,1
459,0
458,3
458,2
458,1
458,0
457,4
457,3
457,2
457,1
457,0
456,3
456,2
456,1
456,0
455,3
455,2
455,1
455,0
454,4
454,3
454,2
454,1
454,0
453,4
453,3
453,2
453,1
453,0
452,6
452,5
452,4
452,3
452,2
452,1
452,0
451,6
451,5
451,4
451,3
451,2
451,1
451,0
450,6
450,5
450,4
450,3
450,2
450,1
450,0
449,4
449,3
449,2
449,1
449,0
448,3
448,2
448,1
448,0
447,3
447,2
447,1
447,0
446,4
446,3
446,2
446,1
446,0
445,4
445,3
445,2
445,1
445,0
444,4
444,3
444,2
444,1
444,0
443,4
443,3
443,2
443,1
443,0
442,4
442,3
442,2
442,1
442,0
441,4
441,3
441,2
441,1
441,0
440,4
440,3
440,2
440,1
440,0
439,3
439,2
439,1
439,0
438,4
438,3
438,2
438,1
438,0
437,3
437,2
437,1
437,0
436,3
436,2
436,1
436,0
435,5
435,4
435,3
435,2
435,1
435,0
434,3
434,2
434,1
434,0
433,4
433,3
433,2
433,1
433,0
432,3
432,2
432,1
432,0
431,3
431,2
431,1
431,0
430,4
430,3
430,2
430,1
430,0
429,4
429,3
429,2
429,1
429,0
428,6
428,5
428,4
428,3
428,2
428,1
428,0
427,6
427,5
427,4
427,3
427,2
427,1
427,0
426,6
426,5
426,4
426,3
426,2
426,1
426,0
425,4
425,3
425,2
425,1
425,0
424,3
424,2
424,1
424,0
423,3
423,2
423,1
423,0
422,4
422,3
422,2
422,1
422,0
421,4
421,3
421,2
421,1
421,0
420,4
420,3
420,2
420,1
420,0
419,4
419,3
419,2
419,1
419,0
418,4
418,3
418,2
418,1
418,0
417,4
417,3
417,2
417,1
417,0
416,4
416,3
416,2
416,1
416,0
415,3
415,2
415,1
415,0
414,4
414,3
414,2
414,1
414,0
413,3
413,2
413,1
413,0
412,3
412,2
412,1
412,0
411,5
411,4
411,3
411,2
411,1
411,0
410,3
410,2
410,1
410,0
409,4
409,3
409,2
409,1
409,0
408,3
408,2
408,1
408,0
407,3
407,2
407,1
407,0
406,4
406,3
406,2
406,1
406,0
405,4
405,3
405,2
405,1
405,0
404,6
404,5
404,4
404,3
404,2
404,1
404,0
403,6
403,5
403,4
403,3
403,2
403,1
403,0
402,6
402,5
402,4
402,3
402,2
402,1
402,0
401,4
401,3
401,2
401,1
401,0
400,3
400,2
400,1
400,0
399,3
399,2
399,1
399,0
398,4
398,3
398,2
398,1
398,0
397,4
397,3
397,2
397,1
397,0
396,4
396,3
396,2
396,1
396,0
395,4
395,3
395,2
395,1
395,0
394,4
394,3
394,2
394,1
394,0
393,4
393,3
393,2
393,1
393,0
392,4
392,3
392,2
392,1
392,0
391,3
391,2
391,1
391,0
390,4
390,3
390,2
390,1
390,0
389,3
389,2
389,1
389,0
388,3
388,2
388,1
388,0
387,5
387,4
387,3
387,2
387,1
387,0
386,3
386,2
386,1
386,0
385,4
385,3
385,2
385,1
385,0
384,3
384,2
384,1
384,0
383,3
383,2
383,1
383,0
382,4
382,3
382,2
382,1
382,0
381,4
381,3
381,2
381,1
381,0
380,6
380,5
380,4
380,3
380,2
380,1
380,0
379,6
379,5
379,4
379,3
379,2
379,1
379,0
378,6
378,5
378,4
378,3
378,2
378,1
378,0
377,4
377,3
377,2
377,1
377,0
376,3
376,2
376,1
376,0
375,3
375,2
375,1
375,0
374,4
374,3
374,2
374,1
374,0
373,4
373,3
373,2
373,1
373,0
372,4
372,3
372,2
372,1
372,0
371,4
371,3
371,2
371,1
371,0
370,4
370,3
370,2
370,1
370,0
369,4
369,3
369,2
369,1
369,0
368,4
368,3
368,2
368,1
368,0
367,3
367,2
367,1
367,0
366,4
366,3
366,2
366,1
366,0
365,3
365,2
365,1
365,0
364,3
364,2
364,1
364,0
363,5
363,4
363,3
363,2
363,1
363,0
362,3
362,2
362,1
362,0
361,4
361,3
361,2
361,1
361,0
360,3
360,2
360,1
360,0
359,3
359,2
359,1
359,0
358,4
358,3
358,2
358,1
358,0
357,4
357,3
357,2
357,1
357,0
356,6
356,5
356,4
356,3
356,2
356,1
356,0
355,6
355,5
355,4
355,3
355,2
355,1
355,0
354,6
354,5
354,4
354,3
354,2
354,1
354,0
353,4
353,3
353,2
353,1
353,0
352,3
352,2
352,1
352,0
351,3
351,2
351,1
351,0
350,4
350,3
350,2
350,1
350,0
349,4
349,3
349,2
349,1
349,0
348,4
348,3
348,2
348,1
348,0
347,4
347,3
347,2
347,1
347,0
346,4
346,3
346,2
346,1
346,0
345,4
345,3
345,2
345,1
345,0
344,4
344,3
344,2
344,1
344,0
343,3
343,2
343,1
343,0
342,4
342,3
342,2
342,1
342,0
341,3
341,2
341,1
341,0
340,3
340,2
340,1
340,0
339,5
339,4
339,3
339,2
339,1
339,0
338,3
338,2
338,1
338,0
337,4
337,3
337,2
337,1
337,0
336,3
336,2
336,1
336,0
335,4
335,3
335,2
335,1
335,0
334,4
334,3
334,2
334,1
334,0
333,6
333,5
333,4
333,3
333,2
333,1
333,0
332,6
332,5
332,4
332,3
332,2
332,1
332,0
331,6
331,5
331,4
331,3
331,2
331,1
331,0
330,4
330,3
330,2
330,1
330,0
329,3
329,2
329,1
329,0
328,3
328,2
328,1
328,0
327,4
327,3
327,2
327,1
327,0
326,4
326,3
326,2
326,1
326,0
325,4
325,3
325,2
325,1
325,0
324,4
324,3
324,2
324,1
324,0
323,4
323,3
323,2
323,1
323,0
322,4
322,3
322,2
322,1
322,0
321,4
321,3
321,2
321,1
321,0
320,3
320,2
320,1
320,0
319,4
319,3
319,2
319,1
319,0
318,3
318,2
318,1
318,0
317,3
317,2
317,1
317,0
316,5
316,4
316,3
316,2
316,1
316,0
315,3
315,2
315,1
315,0
314,4
314,3
314,2
314,1
314,0
313,3
313,2
313,1
313,0
312,4
312,3
312,2
312,1
312,0
311,4
311,3
311,2
311,1
311,0
310,6
310,5
310,4
310,3
310,2
310,1
310,0
309,6
309,5
309,4
309,3
309,2
309,1
309,0
308,6
308,5
308,4
308,3
308,2
308,1
308,0
307,4
307,3
307,2
307,1
307,0
306,3
306,2
306,1
306,0
305,3
305,2
305,1
305,0
304,4
304,3
304,2
304,1
304,0
303,4
303,3
303,2
303,1
303,0
302,4
302,3
302,2
302,1
302,0
301,4
301,3
301,2
301,1
301,0
300,4
300,3
300,2
300,1
300,0
299,4
299,3
299,2
299,1
299,0
298,4
298,3
298,2
298,1
298,0
297,3
297,2
297,1
297,0
296,4
296,3
296,2
296,1
296,0
295,3
295,2
295,1
295,0
294,3
294,2
294,1
294,0
293,5
293,4
293,3
293,2
293,1
293,0
292,3
292,2
292,1
292,0
291,4
291,3
291,2
291,1
291,0
290,3
290,2
290,1
290,0
0,310
0,305
0,308
0,307
0,302
0,304
0,303
0,12
0,10
0,8
0,0
0,416
0,415
0,300
0,414
0,413
0,299
0,554
0,495
0,298
0,493
0,412
0,297
0,496
0,411
0,296
0,491
0,410
0,295
0,526
0,490
0,294
0,492
0,409
0,293
0,525
0,407
0,292
0,553
0,406
0,291
0,489
0,405
0,290
0,548
0,524
0,289
0,552
0,542
0,288
0,541
0,404
0,287
0,547
0,403
0,286
0,540
0,402
0,285
0,523
0,571
0,284
0,488
0,399
0,283
0,487
0,401
0,282
0,398
0,570
0,281
0,566
0,396
0,280
0,395
0,394
0,279
0,393
0,392
0,278
0,391
0,390
0,277
0,389
0,388
0,276
0,565
0,522
0,275
0,345
0,387
0,274
0,569
0,386
0,273
0,484
0,385
0,272
0,483
0,482
0,271
0,521
0,384
0,270
0,564
0,383
0,269
0,520
0,382
0,268
0,481
0,381
0,267
0,539
0,266
0,538
0,519
0,265
0,466
0,380
0,264
0,478
0,379
0,263
0,503
0,378
0,262
0,476
0,475
0,261
0,574
0,377
0,260
0,562
0,376
0,259
0,474
0,568
0,258
0,518
0,374
0,257
0,546
0,473
0,256
0,517
0,472
0,255
0,479
0,373
0,254
0,471
0,372
0,253
0,563
0,371
0,252
0,469
0,516
0,251
0,468
0,370
0,250
0,467
0,369
0,249
0,537
0,572
0,248
0,561
0,367
0,247
0,551
0,515
0,246
0,514
0,567
0,245
0,465
0,366
0,244
0,400
0,365
0,242
0,397
0,364
0,241
0,463
0,363
0,240
0,513
2,1
269,3
0,486
0,501
0,510
0,544
0,556
0,558
1,1
1,3
269,5
3,0
3,3
270,0
266,0
270,3
266,2
270,1
268,1
268,2
269,2
270,2
271,1
271,2
272,0
272,2
272,3
273,0
273,1
273,3
274,1
274,2
274,4
275,0
275,2
275,4
276,0
276,2
276,3
278,0
278,1
278,3
280,0
280,1
280,3
280,4
283,1
283,3
283,4
286,1
286,2
286,4
286,5
288,0
288,2
288,3
289,0
289,1
289,3
289,2
288,4
288,1
286,6
286,3
286,0
283,2
283,0
280,2
278,4
278,2
276,4
276,1
275,3
275,1
274,3
274,0
273,2
272,4
272,1
271,3
271,0
268,3
268,0
266,3
266,1
269,4
3,1
269,1
1,0
0,549
0,533
0,494
269,0
0,480
0,464
0,408
0,360
0,351
0,322
2,3
0,243
2,0
0,9
0,462
0,239
0,461
0,362
0,238
0,460
0,361
0,237
0,536
0,418
0,236
0,512
0,359
0,235
0,535
0,511
0,234
0,534
0,459
0,233
0,458
0,358
0,232
0,457
0,357
0,231
0,375
0,356
0,230
0,509
0,355
0,229
0,560
0,354
0,228
0,353
0,227
0,550
0,456
0,226
0,455
0,352
0,225
0,454
0,224
0,508
0,350
0,223
0,532
0,349
0,222
0,485
0,453
0,221
0,507
0,452
0,220
0,575
0,348
0,219
0,470
0,347
0,218
0,506
0,346
0,217
0,530
0,368
0,216
0,344
0,450
0,215
0,559
0,343
0,214
0,531
0,342
0,213
0,557
0,341
0,212
0,447
0,340
0,211
0,529
0,339
0,210
0,448
0,338
0,209
0,436
0,337
0,208
0,449
0,336
0,207
0,446
0,445
0,206
0,444
0,335
0,205
0,334
0,443
0,204
0,442
0,333
0,203
0,441
0,332
0,202
0,440
0,439
0,201
0,528
0,505
0,200
0,504
0,331
0,199
0,438
0,330
0,198
0,437
0,329
0,197
0,451
0,328
0,196
0,543
0,435
0,195
0,555
0,434
0,194
0,477
0,327
0,193
0,433
0,326
0,192
0,432
0,325
0,63
0,431
0,324
0,62
0,430
0,323
0,61
0,429
0,321
0,60
0,428
0,427
0,59
0,502
0,320
0,58
0,319
0,426
0,57
0,425
0,318
0,56
0,500
0,317
0,55
0,527
0,423
0,54
0,498
0,424
0,53
0,497
0,316
0,52
0,499
0,315
0,51
0,422
0,314
0,50
0,421
0,313
0,49
0,545
0,312
0,48
0,420
0,311
0,47
0,419
0,309
0,46
0,573
0,306
0,45
0,417
0,301
0,6
0,5
0,1
0,11
0,4
0,2
0,3
0,7
